04 04 04 04 04 04 04 04 04 04 04 04 04 04 04 04 04 04 04 04 04 04 00 00 00 00 00 00 00 00 00 00 00 00 00 00 00 00 00 00 00 00 00 00 00 00 00 00 00 00 00 00 00 00 00 00 00 00 00 00 00 00 00 00 00 00 00 00 00 11 11 11 11 11 11 11 11 11 11 11 11 11 11 11 11 11 11 11 11 11 11 11 11 11 11 11 11 11 11 11 
04 04 04 04 04 04 04 04 04 04 04 04 04 04 04 04 04 04 04 04 04 04 04 04 04 00 00 00 00 00 00 00 00 00 00 00 00 00 00 00 00 00 00 00 00 00 00 00 00 12 00 00 00 00 00 00 00 00 00 00 00 00 00 00 00 00 00 00 00 11 11 11 11 11 11 11 11 11 11 11 11 11 11 11 11 11 11 11 11 11 11 11 11 11 11 11 11 11 11 11 
04 04 04 04 04 04 04 04 04 04 04 04 04 04 04 04 04 04 04 04 04 04 04 04 04 04 00 00 00 00 00 00 00 00 00 00 00 00 00 00 00 00 00 12 00 00 00 12 12 12 12 00 00 00 00 00 00 00 00 00 00 00 00 00 00 00 00 00 00 11 11 11 11 11 11 11 11 11 11 11 11 11 11 11 11 11 11 11 11 11 11 11 11 11 11 11 11 11 11 11 
04 04 04 04 04 04 04 04 04 04 04 04 04 04 04 04 04 04 04 04 04 04 04 04 04 04 00 00 00 00 00 00 00 00 00 00 00 00 00 00 00 00 00 12 12 12 12 12 12 12 12 12 12 12 00 00 00 00 00 00 00 00 00 00 00 00 00 00 00 00 11 11 11 11 11 11 11 11 11 11 11 11 11 11 11 11 11 11 11 11 11 11 11 11 11 11 11 11 11 11 
04 04 04 04 04 04 04 04 04 04 04 04 04 04 04 04 04 04 04 04 04 04 04 04 04 04 04 04 00 00 00 00 00 00 00 00 00 00 00 00 00 00 00 12 12 12 12 12 12 12 12 12 12 12 00 00 12 12 12 12 00 00 00 00 00 00 00 00 00 00 11 11 11 11 11 11 11 11 11 11 11 11 11 11 11 11 11 11 11 11 11 11 11 11 11 11 11 11 11 11 
04 04 04 04 04 04 04 04 04 04 04 04 04 04 04 04 04 04 04 04 04 04 04 04 04 04 04 04 04 04 00 00 00 00 00 00 00 00 00 00 00 00 00 12 12 12 12 12 12 12 12 12 12 12 12 12 12 12 12 12 00 00 00 00 00 00 00 00 00 00 11 11 11 11 11 11 11 11 11 11 11 11 11 11 11 11 11 11 11 11 11 11 11 11 11 11 11 11 11 11 
04 04 04 04 04 04 04 05 06 05 05 05 05 06 05 06 05 05 04 04 04 04 04 04 04 04 04 04 04 04 04 00 00 00 00 00 00 00 00 00 00 00 00 12 12 12 12 12 12 12 12 12 12 12 12 12 12 12 12 12 00 00 00 00 00 00 00 00 00 00 00 11 11 11 11 11 11 11 11 11 11 11 11 11 11 11 11 11 11 11 11 11 11 11 11 11 11 11 11 11 
04 04 04 04 04 04 05 05 06 06 05 05 05 06 06 06 06 06 05 04 04 04 04 04 04 04 04 04 04 00 00 00 00 00 00 00 00 00 00 00 00 00 00 12 12 12 12 12 12 12 12 12 12 12 12 12 12 12 12 00 00 00 00 00 00 00 00 00 00 00 00 11 11 11 11 11 11 11 11 11 11 11 11 11 11 11 11 11 11 11 11 11 11 11 11 11 11 11 11 11 
04 04 04 04 04 05 05 06 06 05 05 06 06 06 05 05 05 06 05 05 04 04 04 04 04 04 04 04 04 04 00 00 00 00 00 00 00 00 00 00 12 12 00 12 12 12 12 12 12 12 12 12 12 12 12 12 12 12 12 00 00 00 00 00 00 00 00 00 00 00 00 11 11 11 11 11 11 11 11 11 11 15 15 15 15 15 15 15 11 11 11 11 11 11 11 11 11 11 11 11 
04 04 04 04 04 06 06 05 06 06 05 06 06 05 06 06 06 05 05 05 04 04 04 04 04 04 04 04 04 00 00 00 00 00 00 00 00 00 00 00 12 12 12 12 12 12 12 12 09 09 09 09 09 12 12 12 12 12 12 12 12 00 12 00 00 00 00 00 00 00 00 00 11 11 11 11 11 11 11 15 15 15 15 10 10 10 10 15 15 15 15 15 15 11 11 11 11 11 11 11 
04 04 04 04 04 05 06 06 06 05 05 05 06 06 06 06 05 05 06 06 04 04 04 04 04 04 04 04 04 04 00 00 00 00 00 00 00 00 00 00 12 12 12 12 12 12 12 09 09 03 03 03 09 09 12 12 12 12 12 12 12 12 12 12 00 00 00 00 00 00 00 00 11 11 11 11 11 11 10 15 10 15 15 15 15 15 10 10 10 10 10 15 15 15 15 11 11 11 11 11 
04 04 04 04 04 05 05 05 06 05 06 05 05 05 05 06 06 06 16 05 04 04 04 04 04 04 04 04 04 04 04 00 00 00 00 00 00 00 00 12 12 12 12 12 12 09 09 09 03 03 03 03 03 09 09 09 00 12 12 12 12 12 12 12 00 00 00 00 00 00 00 00 11 11 11 11 11 11 15 15 15 10 10 10 10 15 15 10 10 15 15 10 10 15 15 11 11 11 11 11
04 04 04 04 04 05 05 06 06 05 06 06 05 05 06 06 06 06 05 05 04 04 04 04 04 04 04 04 04 04 00 00 00 00 00 00 00 00 00 12 12 12 00 09 09 09 16 03 03 03 03 03 03 03 16 09 09 09 12 12 12 12 12 00 00 00 00 00 00 00 00 00 00 11 11 11 11 11 11 10 15 10 10 15 10 10 15 10 15 10 10 10 10 15 11 11 11 11 11 11
04 04 04 04 04 04 05 05 05 05 05 06 06 06 06 05 05 05 05 04 04 04 04 04 04 04 04 04 04 04 04 00 00 00 00 00 00 00 12 12 12 00 09 09 03 03 03 03 03 03 03 03 03 03 03 03 03 09 09 12 12 12 12 00 00 00 00 00 00 00 00 00 00 11 11 11 11 11 11 15 15 15 10 10 15 15 10 10 15 10 15 15 10 15 11 11 11 11 11 11 
04 04 04 04 04 04 04 05 05 05 06 06 06 06 06 05 05 05 04 04 04 04 04 04 04 04 04 04 04 04 00 00 00 00 00 00 00 00 12 12 12 09 09 03 03 03 03 03 03 03 03 03 03 03 03 03 03 03 09 09 12 12 12 00 00 00 00 00 00 00 00 00 00 00 11 11 11 11 11 11 15 15 15 10 10 15 15 10 15 10 10 10 10 10 11 11 11 11 11 11 
04 04 04 04 04 04 04 04 04 04 04 04 04 04 04 04 04 04 04 04 04 04 04 04 04 04 04 04 04 00 00 00 00 00 00 00 00 00 00 12 12 12 09 09 03 03 03 03 03 03 03 03 03 03 03 03 03 09 09 00 00 12 00 00 00 00 00 00 00 00 00 00 00 00 11 11 11 11 11 11 11 11 15 10 10 10 00 15 10 10 15 15 15 11 11 11 11 11 11 11 
04 04 04 04 04 04 04 04 04 04 04 04 04 04 04 04 04 04 04 04 04 04 04 04 04 04 04 00 00 00 00 00 00 00 00 00 00 00 00 00 12 12 12 09 09 09 16 03 03 03 03 03 03 03 16 09 09 09 00 12 12 12 00 00 00 00 00 00 00 00 00 00 00 00 00 11 11 11 11 11 11 11 11 15 10 10 10 10 10 10 15 15 11 11 11 11 11 11 11 11
04 04 04 04 04 04 04 04 04 04 04 04 04 04 04 04 04 04 04 04 04 04 04 04 04 00 00 00 00 00 00 00 00 00 00 00 00 00 00 00 00 12 12 12 00 09 09 09 03 03 03 03 03 09 09 09 00 00 12 12 00 00 00 00 00 00 00 00 00 00 00 00 00 00 00 00 11 11 11 11 11 11 11 15 15 10 15 15 15 10 10 15 11 11 11 11 11 11 11 11 
04 04 04 04 04 04 04 04 04 04 04 04 04 04 04 04 04 04 04 04 04 04 04 00 00 00 00 00 00 00 00 00 00 00 00 00 00 00 00 00 12 12 12 12 12 12 12 09 09 03 03 03 09 09 00 12 12 12 12 00 00 12 00 00 00 00 00 00 00 00 00 00 00 00 00 00 11 11 11 11 11 11 11 11 15 10 10 15 15 10 10 15 15 11 11 11 11 11 11 11 
04 04 04 04 04 04 04 04 04 04 04 04 04 04 04 04 04 04 04 04 04 04 00 00 00 00 00 00 00 00 00 00 00 00 00 00 00 00 00 00 12 12 00 00 12 00 12 12 09 03 03 03 09 12 12 12 12 00 00 00 00 00 00 00 00 00 00 00 00 00 00 00 00 00 00 00 00 11 11 11 11 11 11 11 11 15 10 10 15 10 10 15 15 15 11 11 11 11 11 11 
04 04 04 04 04 04 04 04 04 04 04 04 04 04 04 04 04 04 04 04 04 04 00 00 00 00 00 00 00 00 00 00 00 00 00 00 00 00 00 00 00 00 00 00 00 12 00 12 09 03 03 03 09 12 12 12 00 00 00 00 00 00 00 00 00 00 00 00 00 00 00 00 00 00 00 00 00 00 11 11 11 11 11 11 11 11 11 10 15 15 10 15 15 10 15 11 11 11 11 11 
04 04 04 04 04 04 04 04 04 04 04 04 04 04 04 04 04 04 04 04 04 04 00 00 00 00 00 00 00 00 00 00 00 00 00 00 00 00 00 00 00 00 00 00 12 12 12 12 09 03 03 03 09 12 12 00 00 00 00 00 00 00 00 00 12 00 00 00 00 00 00 00 00 00 00 00 00 00 00 11 11 11 11 11 11 11 11 15 15 10 15 15 10 15 15 11 11 11 11 11 
04 04 04 04 04 04 04 04 04 04 04 04 04 04 04 04 04 04 04 04 04 04 00 00 00 00 00 00 00 00 00 00 00 00 00 00 00 00 00 00 00 00 00 00 12 12 12 12 09 03 03 03 09 00 00 00 12 00 00 00 00 00 12 12 12 00 00 00 00 00 00 00 00 00 00 00 00 00 00 00 11 11 11 11 11 11 11 11 15 10 10 15 15 15 15 11 11 11 11 11 
04 04 04 04 04 04 04 04 04 04 04 04 04 04 04 04 04 04 04 00 00 00 00 00 00 00 00 00 00 00 00 00 00 00 00 00 00 00 00 00 00 00 00 00 12 00 12 12 09 03 03 03 09 12 00 00 00 00 00 00 00 00 12 12 12 00 00 00 00 00 00 00 00 00 00 00 00 00 00 00 00 11 11 11 11 11 11 11 11 11 15 10 10 10 11 11 11 11 11 11 
04 04 04 04 04 04 04 04 04 04 04 04 04 04 04 00 04 04 04 00 00 00 00 00 00 00 00 00 00 00 00 00 00 00 00 00 00 00 00 12 00 00 12 12 12 12 00 12 09 03 03 03 09 00 12 00 00 12 12 00 00 12 12 12 12 00 00 00 00 00 00 00 00 00 00 00 00 00 00 00 00 11 11 11 11 11 11 11 11 11 11 15 15 15 11 11 11 11 11 11 
04 04 04 04 04 04 04 04 04 04 04 04 04 04 04 00 00 00 00 00 00 00 00 00 00 00 00 00 00 00 00 00 00 00 00 00 00 00 12 12 12 12 12 12 12 12 12 12 09 03 03 03 09 00 12 12 12 12 12 12 12 12 12 12 12 12 00 00 00 00 00 00 00 00 00 00 00 00 00 00 00 00 11 11 11 11 11 11 11 11 11 11 11 11 11 11 11 11 11 11 
04 04 04 04 04 04 04 00 00 00 04 04 00 04 04 00 00 00 00 00 00 00 00 00 00 00 00 00 00 00 00 00 00 00 00 12 12 12 12 00 09 09 09 09 09 12 12 09 09 03 03 03 09 09 12 12 09 09 09 09 09 00 00 12 12 12 00 00 00 00 00 00 00 00 00 00 00 00 00 00 00 00 00 11 11 11 11 11 11 11 11 11 11 11 11 11 11 11 11 11 
04 04 04 00 04 04 04 00 00 00 04 00 00 00 00 00 00 00 00 00 00 00 00 00 00 00 00 00 00 00 00 00 00 00 00 12 12 12 12 09 09 03 03 03 09 09 09 09 03 03 03 03 03 09 09 09 09 03 03 03 09 09 00 12 12 12 12 12 12 00 00 00 00 00 00 00 00 00 00 00 00 00 00 00 00 11 11 11 11 11 11 11 11 11 11 11 11 11 11 11 
04 04 04 00 04 04 04 00 00 00 00 00 00 00 00 00 00 00 00 00 00 00 00 00 00 00 00 00 00 00 00 00 00 00 00 00 12 12 12 09 03 03 03 03 03 03 03 03 03 03 03 03 03 03 03 03 03 03 03 03 03 09 12 12 12 12 12 12 12 12 12 12 12 00 00 00 00 00 00 00 00 00 00 00 00 11 11 11 11 11 11 11 11 11 11 11 11 11 11 11 
00 04 00 00 00 00 00 00 00 00 00 00 00 00 00 00 00 00 00 00 00 00 00 00 00 00 00 00 00 00 00 00 00 00 00 00 00 12 12 09 03 03 03 03 03 03 03 03 03 03 03 03 03 03 03 03 03 03 03 03 03 09 12 12 12 12 00 12 12 12 00 00 00 00 00 00 00 00 00 00 00 00 00 00 00 00 00 11 11 11 11 11 11 11 11 11 11 11 11 11 
00 00 00 00 00 00 00 00 00 00 00 00 00 00 00 00 00 00 00 00 00 00 00 00 00 00 00 00 00 00 00 00 00 00 12 12 12 12 12 09 03 03 03 03 03 03 03 03 03 03 03 03 03 03 03 03 03 03 03 03 03 09 12 12 12 12 12 12 00 00 00 00 00 00 00 00 00 00 00 00 00 00 00 00 00 00 00 00 11 11 11 11 11 11 11 11 11 11 11 11 
00 00 00 00 00 00 00 00 00 00 00 00 00 00 00 00 00 00 00 00 00 00 00 00 00 00 00 00 00 00 00 00 00 00 12 12 12 12 12 09 09 03 03 03 09 09 09 09 03 03 03 03 03 09 09 09 09 03 03 03 09 09 12 12 12 12 12 12 00 00 00 00 00 00 00 00 00 00 00 00 00 00 00 00 00 00 00 00 00 11 11 11 11 11 11 11 11 11 11 11 
00 00 00 00 00 00 00 00 00 00 00 00 00 00 00 00 00 00 00 00 00 00 00 00 00 00 00 00 00 00 00 00 00 12 12 12 12 12 12 12 09 09 09 09 09 12 12 09 09 03 03 03 09 09 12 12 09 09 09 09 09 12 12 12 12 12 12 00 00 00 00 00 00 00 00 00 00 00 00 00 00 00 00 00 00 00 00 00 00 00 00 11 11 11 11 11 11 11 11 11 
00 00 00 00 00 00 00 00 00 00 00 00 00 00 00 00 00 00 00 00 00 00 00 00 00 00 00 00 00 00 00 00 00 12 12 12 12 12 12 12 12 12 12 12 12 12 12 12 09 03 03 03 09 12 12 12 00 12 12 12 12 12 12 12 12 12 12 12 12 00 00 00 00 00 00 00 00 00 00 00 00 00 00 00 00 00 00 00 00 00 00 00 00 11 11 11 11 11 11 11 
00 00 00 00 00 00 00 00 00 00 00 00 00 00 00 00 00 00 00 00 00 00 00 00 00 00 00 00 00 00 00 00 12 12 12 12 12 12 12 12 12 12 12 12 12 12 12 12 09 03 03 03 09 12 00 12 12 12 12 12 12 12 12 12 00 12 12 12 12 12 12 00 00 00 00 00 00 00 00 00 00 00 00 00 00 00 00 00 00 00 00 00 00 00 00 00 00 00 00 11 
00 00 00 00 00 00 00 00 00 00 00 00 00 00 00 00 00 00 00 00 00 00 00 00 00 00 00 00 00 00 00 00 12 12 12 12 12 12 09 09 09 09 09 12 12 12 12 12 09 03 03 03 09 12 12 12 12 12 09 09 09 09 09 12 12 12 12 12 12 12 00 00 00 00 00 00 00 00 00 00 00 00 00 00 00 00 00 00 00 00 00 00 00 00 00 00 00 00 00 00 
00 00 00 00 00 00 00 00 00 00 00 00 00 00 00 00 00 00 00 00 00 00 00 00 00 00 00 00 00 00 00 00 12 12 12 12 12 09 09 03 03 03 09 09 00 12 12 09 09 03 03 03 09 09 12 12 12 09 09 03 03 03 09 09 12 12 00 12 12 12 12 00 00 00 00 00 00 00 00 00 00 00 00 00 00 00 00 00 00 00 00 00 00 00 00 00 00 00 00 00 
00 00 00 00 00 00 00 00 00 00 00 00 00 00 00 00 00 00 00 00 00 00 00 00 00 00 00 00 00 00 00 00 12 12 12 12 09 09 03 03 03 03 03 09 09 09 09 09 03 03 03 03 03 09 09 09 09 09 03 03 03 03 03 09 09 12 12 00 00 00 00 00 00 00 00 00 00 00 00 00 00 00 00 00 00 00 00 00 00 00 00 00 00 00 00 00 00 00 00 00 
00 00 00 00 00 00 00 00 00 00 00 00 00 00 00 00 00 00 00 00 00 00 00 00 00 00 00 00 00 00 00 00 00 00 12 12 09 03 03 03 03 03 03 03 03 03 03 03 03 03 03 03 03 03 03 03 03 03 03 03 03 03 03 03 09 12 12 12 12 12 00 12 00 00 00 00 00 00 00 00 00 00 00 00 00 00 00 00 00 00 00 00 00 00 00 00 00 00 00 00 
00 00 00 00 00 00 00 00 00 00 00 00 00 00 00 00 00 00 00 00 00 00 00 00 00 00 00 00 00 00 00 00 00 12 12 12 09 03 03 03 03 03 03 03 03 03 03 03 03 03 03 03 03 03 03 03 03 03 03 03 03 03 03 03 09 12 12 12 12 12 12 12 00 00 00 00 00 00 00 00 00 00 00 00 00 00 00 00 00 00 00 00 00 00 00 00 00 00 00 00 
00 00 00 00 00 00 00 00 00 00 00 00 00 00 00 00 00 00 00 00 00 00 00 00 00 00 00 00 00 00 00 00 00 00 12 12 09 03 03 03 03 03 03 03 03 03 03 03 03 03 03 03 03 03 03 03 03 03 03 03 03 03 03 03 09 12 12 12 12 12 00 12 00 00 00 00 00 00 00 00 00 00 00 00 00 00 00 00 00 00 00 00 00 00 00 00 00 00 00 00 
00 00 00 00 00 00 00 00 00 00 00 00 00 00 00 00 00 00 00 00 00 00 00 00 00 00 00 00 00 00 00 00 00 12 12 12 09 09 03 03 03 03 03 09 09 09 09 09 03 03 03 03 03 09 09 09 09 09 03 03 03 03 03 09 09 12 00 12 12 12 12 12 00 00 00 00 00 00 00 00 00 00 00 00 00 00 00 00 00 00 00 00 00 00 00 00 00 00 00 00 
00 00 00 00 00 00 00 00 00 00 00 00 00 00 00 00 00 00 00 00 00 00 00 00 00 00 00 00 00 00 00 00 00 12 12 12 12 09 09 03 03 03 09 09 12 12 12 09 09 03 03 03 09 09 12 12 12 09 09 03 03 03 09 09 12 12 12 12 12 12 12 00 00 00 00 00 00 00 00 00 00 00 00 00 00 00 00 00 00 00 00 00 00 00 00 00 00 00 00 00 
00 00 00 00 00 00 00 00 00 00 00 00 00 00 00 00 00 00 00 00 00 00 00 00 00 00 00 00 00 00 00 00 00 12 12 12 12 12 09 09 09 09 09 12 12 12 12 12 09 03 03 03 09 12 12 00 00 12 09 09 09 09 09 12 12 12 12 12 12 00 00 00 00 00 00 00 00 00 00 00 00 00 00 00 00 00 00 00 00 00 00 00 00 00 00 00 00 00 00 00 
00 00 00 00 00 00 00 00 00 00 00 00 00 00 00 00 00 00 00 00 00 00 00 00 00 00 00 00 00 00 00 00 00 00 00 12 12 12 12 12 12 12 12 12 00 12 12 12 09 03 03 03 09 12 00 00 00 00 00 12 12 12 12 12 12 12 12 12 12 12 12 00 00 00 00 00 00 00 00 00 00 00 00 00 00 00 00 00 00 00 00 00 00 00 00 00 00 00 00 00 
00 00 00 00 00 00 00 00 00 00 00 00 00 00 00 00 00 00 00 00 00 00 00 00 00 00 00 00 00 00 00 00 00 00 00 00 12 12 12 12 12 12 12 12 00 12 12 12 09 03 03 03 09 12 12 00 00 00 12 12 00 12 12 12 00 12 12 00 00 12 00 00 00 00 00 00 00 00 00 00 00 00 00 00 00 00 00 00 00 00 00 00 00 00 00 00 00 00 00 00 
00 00 00 00 00 00 00 00 00 00 00 00 00 00 00 00 00 00 00 00 00 00 00 00 00 00 00 00 00 00 00 00 00 00 00 00 12 12 00 12 00 00 00 12 12 12 12 09 09 03 03 03 09 09 12 12 12 12 12 09 09 09 09 09 00 00 12 12 12 12 12 00 00 00 00 00 00 00 00 00 00 00 00 00 00 00 00 00 00 00 00 00 00 00 00 00 00 00 00 00 
00 00 00 00 00 00 00 00 00 00 00 00 00 00 00 00 00 00 00 00 00 00 00 00 00 00 00 00 00 00 00 00 00 00 00 00 12 00 00 00 00 00 00 12 12 12 09 09 03 03 03 03 03 09 09 12 12 12 09 09 03 03 03 09 09 00 00 12 12 00 12 12 12 00 00 00 00 00 00 00 00 00 00 00 00 00 00 00 00 00 00 00 00 00 00 00 00 00 00 00 
00 00 00 00 00 00 00 00 00 00 00 00 00 00 00 00 00 00 00 00 00 00 00 00 00 00 00 00 00 00 00 00 00 00 00 00 00 00 00 00 00 00 00 12 12 12 09 03 03 03 03 03 03 03 09 09 09 09 09 03 03 03 03 03 03 09 00 12 12 12 12 12 12 00 00 00 00 00 00 00 00 00 00 00 00 00 00 00 00 00 00 00 00 00 00 00 00 00 00 00 
00 00 00 00 00 00 00 00 00 00 00 00 00 00 00 00 00 00 00 00 00 00 00 00 00 00 00 00 00 00 00 00 00 00 00 00 00 00 00 00 00 00 12 12 12 12 09 03 03 03 03 03 03 03 03 03 03 03 03 03 03 03 03 03 03 09 12 12 12 12 00 00 12 12 00 00 00 00 00 00 00 00 00 00 00 00 00 00 00 00 00 00 00 00 00 00 00 00 00 00 
00 00 00 00 00 00 00 00 00 00 00 00 00 00 00 00 00 00 00 00 00 00 00 00 00 00 00 00 00 00 00 00 00 00 00 00 00 00 00 00 00 00 12 12 12 12 09 03 03 03 03 03 03 03 03 03 03 03 03 03 03 03 03 03 03 09 12 00 12 12 00 00 00 12 00 12 00 00 00 00 00 00 00 00 00 00 00 00 00 00 00 00 00 00 00 00 00 00 00 00 
00 00 00 00 00 00 00 00 00 00 00 00 00 00 00 00 00 00 00 00 00 00 00 00 00 00 00 00 00 00 00 00 00 00 00 00 00 00 00 00 00 00 00 12 12 12 09 03 03 03 03 03 03 03 03 03 03 03 03 03 03 03 03 03 03 09 12 00 12 00 12 12 12 12 00 12 00 12 00 00 00 00 00 00 00 00 00 00 00 00 00 00 00 00 00 00 00 00 00 00 
00 00 00 00 00 00 00 00 00 00 00 00 00 00 00 00 00 00 00 00 00 00 00 00 00 00 00 00 00 00 00 00 00 00 00 00 00 12 00 12 00 00 00 12 12 12 09 03 03 03 03 03 03 03 09 09 09 09 09 03 03 03 03 03 09 09 12 00 12 12 12 00 00 00 00 00 00 00 12 00 00 12 00 00 00 00 00 00 00 00 00 00 00 00 00 00 00 00 00 00 
00 00 00 00 00 00 00 00 00 00 00 00 00 00 00 00 00 00 00 00 00 00 00 00 00 00 00 00 00 00 00 00 00 12 00 12 12 12 12 12 12 00 00 00 12 12 09 09 03 03 03 03 03 09 09 12 12 12 09 03 03 03 03 09 09 12 12 12 12 00 00 00 00 00 00 00 00 00 00 00 00 00 00 00 00 00 00 00 00 00 00 00 00 00 00 00 00 00 00 00 
00 00 00 00 00 00 00 00 00 00 00 00 00 00 00 00 00 00 00 00 00 00 00 00 00 00 00 00 00 00 00 00 00 12 12 12 12 12 12 12 12 00 00 00 00 12 12 09 09 03 03 03 09 09 12 12 12 12 12 09 09 09 09 09 12 12 12 12 00 00 00 00 00 00 00 00 00 00 00 00 00 00 00 00 00 00 00 00 00 00 00 00 00 00 00 00 00 00 00 00 
00 00 00 00 00 00 00 00 00 00 00 00 00 00 00 00 00 00 00 00 00 00 00 00 00 00 00 00 00 00 12 00 12 12 12 12 12 12 12 12 12 12 12 12 00 00 12 12 09 03 03 03 09 12 00 00 00 00 12 12 12 12 12 12 12 00 00 00 00 00 00 00 00 00 00 00 00 00 00 00 00 00 00 00 00 00 00 00 00 00 00 00 00 00 00 00 00 00 00 00 
00 00 00 00 00 00 00 00 00 00 00 00 00 00 00 00 00 00 00 00 00 00 00 00 00 00 00 00 00 00 12 12 12 12 12 12 09 09 09 09 09 09 12 12 12 00 12 12 09 03 03 03 09 12 12 00 12 12 12 00 00 00 00 00 00 12 12 12 12 00 00 00 00 00 00 00 00 00 00 00 00 00 00 00 00 00 00 00 00 00 00 00 00 00 00 00 00 00 00 00 
00 00 00 00 00 00 00 00 00 00 00 00 00 00 00 00 00 00 00 00 00 00 00 00 00 00 00 00 00 00 00 12 12 12 12 09 09 03 03 03 03 09 09 12 12 12 12 12 09 03 03 03 09 12 12 12 12 12 09 09 09 12 12 12 12 00 00 00 00 00 12 00 00 00 00 00 00 00 00 00 00 00 00 00 00 00 00 00 00 00 00 00 00 00 00 00 00 00 00 00 
00 00 00 00 00 00 00 00 00 00 00 00 00 00 00 00 00 00 00 00 00 00 00 00 00 00 00 00 00 00 12 12 12 12 09 09 03 03 03 03 03 03 09 09 12 12 12 09 09 03 03 03 09 09 12 12 09 09 03 03 09 09 12 12 12 12 00 00 12 00 00 00 00 00 00 00 00 00 00 00 00 00 00 00 00 00 00 00 00 00 00 00 00 00 00 00 00 00 00 00 
00 00 00 00 00 00 00 00 00 00 00 00 00 00 00 00 00 00 00 00 00 00 00 00 00 00 00 00 00 12 12 12 12 12 09 03 03 03 03 03 03 03 03 09 09 09 09 09 03 03 03 03 03 09 09 09 09 03 03 03 03 09 09 12 12 12 12 12 00 12 12 00 00 00 00 00 00 00 00 00 00 00 00 00 00 00 00 00 00 00 00 00 00 00 00 00 00 00 00 00 
00 00 00 00 00 00 00 00 00 00 00 00 00 00 00 00 00 00 00 00 00 00 00 00 00 00 00 00 00 00 12 12 12 12 09 03 03 03 03 03 03 03 03 03 03 03 03 03 03 03 03 03 03 03 03 09 03 03 03 03 03 03 09 12 12 12 12 12 12 12 12 00 00 00 00 00 00 00 00 00 00 00 00 00 00 00 00 00 00 00 00 00 00 00 00 00 00 00 00 00
00 00 00 00 00 00 00 00 00 00 00 00 00 00 00 00 00 00 00 00 00 00 00 00 00 00 00 00 00 00 00 12 12 12 09 03 03 03 03 03 03 03 03 03 03 03 03 03 03 03 03 03 03 03 03 03 03 03 03 03 03 03 09 12 12 12 12 12 12 12 00 00 00 00 00 00 00 00 00 00 00 00 00 00 00 00 00 00 00 00 00 00 00 00 00 00 00 00 00 00 
00 00 00 00 00 00 00 00 00 00 00 00 00 00 00 00 00 00 00 00 00 00 00 00 00 00 00 00 00 00 12 12 12 12 09 03 03 03 03 03 03 03 03 03 03 03 03 03 03 03 03 03 03 03 03 09 03 03 03 03 03 03 09 12 12 12 12 12 12 00 00 00 00 00 00 00 00 00 00 00 00 00 00 00 00 00 00 00 00 00 00 00 00 00 00 00 00 00 00 00 
00 00 00 00 00 00 00 00 00 00 00 00 00 00 00 00 00 00 00 00 00 00 00 00 00 00 00 00 00 00 00 12 12 12 09 03 03 03 03 03 03 03 03 09 09 09 09 09 03 03 03 03 03 09 09 09 09 03 03 03 03 09 09 12 12 12 12 12 00 00 00 00 00 00 00 00 00 00 00 00 00 00 00 00 00 00 00 00 00 00 00 00 00 00 00 00 00 00 00 00 
00 00 00 00 00 00 00 00 00 00 00 00 00 00 00 00 00 00 00 00 00 00 00 00 00 00 00 00 00 00 12 12 12 12 09 09 03 03 03 03 03 03 09 09 12 12 12 09 09 03 03 03 09 09 12 12 09 09 03 03 09 09 12 12 12 12 12 12 12 00 00 00 00 00 00 00 00 00 00 00 00 00 00 00 00 00 00 00 00 00 00 00 00 00 00 00 00 00 00 00 
00 00 00 00 00 00 00 00 00 00 00 00 00 00 00 00 00 00 00 00 00 00 00 00 00 00 00 00 00 12 12 12 12 12 12 09 09 03 03 03 03 09 09 12 12 12 12 12 09 03 03 03 09 12 12 12 12 09 09 09 09 12 12 12 12 12 12 12 12 12 00 00 00 00 00 00 00 00 00 00 00 00 00 00 00 00 00 00 00 00 00 00 00 00 00 00 00 00 00 00 
00 00 00 00 00 00 00 00 00 00 00 00 00 00 00 00 00 00 00 00 00 00 00 00 00 00 00 00 00 12 00 00 12 12 12 12 09 09 09 09 09 09 12 12 12 12 00 12 09 03 03 03 09 12 12 00 12 12 12 12 12 12 12 12 12 12 12 00 00 00 12 12 00 00 00 00 00 00 00 00 00 00 00 00 00 00 00 00 00 00 00 00 00 00 00 00 00 00 00 00 
00 00 00 00 00 00 00 00 00 00 00 00 00 00 00 00 00 00 00 00 00 00 00 00 00 00 00 00 00 00 00 00 12 12 12 12 12 12 12 12 12 12 12 00 00 00 00 12 09 03 03 03 09 12 12 12 00 00 12 12 12 12 00 00 00 00 00 00 00 00 00 12 12 00 00 00 00 00 00 00 00 00 00 00 00 00 00 00 00 00 00 00 00 00 00 00 00 00 00 00 
00 00 00 00 00 00 00 00 00 00 00 00 00 00 00 00 00 00 00 00 00 00 00 00 00 00 00 00 00 00 00 00 00 12 12 00 12 00 12 00 00 12 12 00 00 00 00 12 09 03 03 03 09 12 12 12 00 00 00 00 00 00 00 00 12 12 00 00 00 12 12 00 00 00 00 00 00 00 00 00 00 00 00 00 00 00 00 00 00 00 00 00 00 00 00 00 00 00 00 00 
00 00 00 00 00 00 00 00 00 00 00 00 00 00 00 00 00 00 00 00 00 00 00 00 00 00 00 00 00 00 00 00 00 00 12 12 12 12 12 12 12 12 12 12 00 00 12 12 09 03 03 03 09 12 12 00 00 12 12 12 12 12 12 12 12 12 12 12 12 12 00 00 00 00 00 00 00 00 00 00 00 00 00 00 00 00 00 00 00 00 00 00 00 00 00 00 00 00 00 00 
00 00 00 00 00 00 00 00 00 00 00 00 00 00 00 00 00 00 00 00 00 00 00 00 00 00 00 00 00 00 00 00 00 12 12 12 09 09 09 09 09 09 09 12 00 00 12 12 09 03 03 03 09 12 12 12 12 12 12 09 09 09 09 09 09 12 12 12 12 12 00 00 00 00 00 00 00 00 00 00 00 00 00 00 00 00 00 00 00 00 00 00 00 00 00 00 02 02 02 02 
00 00 00 00 00 00 00 00 00 00 00 00 00 00 00 00 00 00 00 00 00 00 00 00 00 00 00 00 00 00 00 12 12 12 12 09 09 03 03 03 03 09 09 12 12 12 12 00 09 03 03 03 09 12 12 00 12 12 09 09 03 03 03 03 09 09 12 12 12 12 12 12 00 00 00 00 00 00 00 00 00 00 00 00 00 00 00 00 00 00 00 00 00 00 02 02 02 02 02 02 
14 14 00 00 00 00 00 00 00 00 00 00 00 00 00 00 00 00 00 00 00 00 00 00 00 00 00 00 00 00 00 12 12 12 09 09 03 03 03 03 03 03 09 09 12 12 12 09 09 03 03 03 09 09 12 12 12 09 09 03 03 03 03 03 03 09 09 12 12 12 12 12 00 00 00 00 00 00 00 00 00 00 00 00 00 00 00 00 00 00 00 00 02 02 02 02 02 02 02 02 
14 14 14 14 14 00 00 00 00 00 00 00 00 00 00 00 00 00 00 00 00 00 00 00 00 00 00 00 00 00 00 12 12 12 09 03 03 03 03 03 03 03 03 09 09 09 09 09 03 03 03 03 03 09 09 09 09 09 03 03 03 03 03 03 03 03 09 12 12 12 12 12 00 00 00 00 00 00 00 00 00 00 00 00 00 00 00 02 02 02 02 02 02 02 02 02 02 02 02 02 
14 14 14 14 14 14 14 14 14 14 00 00 00 00 00 00 00 00 00 00 00 00 00 00 00 00 00 00 00 12 12 12 12 12 09 03 03 03 03 03 03 03 03 03 03 03 03 03 03 03 03 03 03 03 03 03 03 03 03 03 03 03 03 03 03 03 09 12 12 12 12 00 00 00 00 00 00 00 00 00 00 00 00 00 00 00 02 02 02 02 02 02 02 02 02 02 02 02 02 02 
14 14 14 14 14 14 14 14 14 14 14 14 00 00 00 00 00 00 00 00 00 00 00 00 00 00 00 00 00 12 12 12 12 12 09 03 03 03 03 03 03 03 03 03 03 03 03 03 03 03 03 03 03 03 03 03 03 03 03 03 03 03 03 03 03 03 09 12 12 12 12 00 00 00 00 00 00 00 00 00 00 00 00 00 00 02 02 02 02 02 02 02 02 02 02 02 02 02 02 02 
14 14 14 14 14 14 14 14 14 14 14 14 14 14 14 00 00 00 00 00 00 00 00 00 00 00 00 00 00 00 12 12 12 12 09 03 03 03 03 03 03 03 03 03 03 03 03 03 03 03 03 03 03 03 03 03 03 03 03 03 03 03 03 03 03 03 09 12 12 12 00 00 00 00 00 00 00 00 00 00 00 00 00 00 02 02 02 02 02 02 02 02 02 02 02 02 02 02 02 02 
14 14 14 14 14 14 14 14 14 14 14 14 14 14 14 14 14 00 00 00 00 00 00 00 00 00 00 00 00 12 12 12 12 12 09 03 03 03 03 03 03 03 03 09 09 09 09 09 03 03 03 03 03 09 09 09 09 09 03 03 03 03 03 03 03 03 09 12 12 12 12 00 00 00 00 00 00 00 00 00 00 00 00 02 02 02 02 02 02 02 02 02 02 02 02 02 02 02 02 02 
14 14 14 14 14 14 14 14 14 14 14 14 14 14 14 14 14 14 14 00 00 00 00 00 00 00 00 00 00 12 12 12 12 12 09 09 03 03 03 03 03 03 09 09 12 12 12 09 09 03 03 03 09 09 12 12 12 09 09 03 03 03 03 03 03 09 09 12 12 00 12 00 00 00 00 00 00 00 00 00 00 00 02 02 02 02 02 02 02 02 02 02 02 02 02 02 02 02 02 02 
14 14 14 14 14 14 14 14 14 14 14 14 14 14 14 14 14 14 14 14 14 00 00 00 00 00 00 00 00 00 00 12 12 12 12 09 09 03 03 03 03 09 09 12 12 12 12 12 09 03 03 03 09 12 12 12 12 12 09 09 03 03 03 03 09 09 00 12 12 00 12 00 00 00 00 00 00 00 00 00 02 02 02 02 02 02 02 02 02 02 02 02 02 02 02 02 02 02 02 02 
14 14 14 14 14 14 14 14 14 14 14 14 14 14 14 14 14 14 14 14 14 14 00 00 00 00 00 00 00 00 00 12 12 12 12 12 09 09 09 09 09 09 12 12 12 12 00 12 09 03 03 03 09 12 00 00 12 12 12 12 09 09 09 09 09 12 12 12 00 12 12 00 00 00 00 00 00 00 00 02 02 02 02 02 02 02 02 02 02 02 02 02 02 02 02 02 02 02 02 02 
14 14 14 14 14 14 14 14 14 14 14 14 14 14 14 14 14 14 14 14 14 14 14 00 00 00 00 00 00 00 12 12 12 12 12 12 12 12 12 12 12 12 12 00 12 00 12 12 09 03 03 03 09 12 12 00 00 00 00 12 12 12 12 12 12 12 12 00 12 00 00 00 00 00 00 00 00 00 00 02 02 02 02 02 02 02 02 02 02 02 02 02 02 02 02 02 02 02 02 02 
14 14 14 14 14 14 14 14 14 14 14 14 14 14 14 14 14 14 14 14 14 14 14 14 14 00 00 00 00 00 00 00 00 12 12 12 12 12 12 12 12 12 12 00 00 00 12 12 09 03 03 03 09 12 12 00 00 00 12 12 12 12 12 12 12 12 00 12 12 00 00 00 00 00 00 00 02 00 02 02 02 02 02 02 02 02 02 02 02 02 02 02 02 02 02 02 02 02 02 02 
14 14 14 14 14 14 14 14 14 14 14 14 14 14 14 14 14 14 14 14 14 14 14 14 14 14 00 00 00 00 00 00 00 12 12 12 12 12 12 12 12 12 00 00 00 12 12 12 09 03 03 03 09 12 12 12 00 00 00 00 12 12 12 12 12 12 12 12 12 12 12 12 00 00 02 02 02 02 02 02 02 02 02 02 02 02 02 02 02 02 02 02 02 02 02 02 02 02 02 02 
14 14 14 14 14 14 14 14 14 07 07 13 13 07 07 14 14 14 14 14 14 14 14 14 14 14 00 00 00 00 00 00 00 00 00 00 12 00 00 00 00 00 00 00 12 12 12 12 09 03 03 03 09 12 12 12 12 00 00 00 00 00 00 00 00 12 12 12 12 00 00 00 00 02 02 02 02 02 02 02 02 02 02 02 02 02 02 08 08 08 02 02 02 02 02 02 02 02 02 02 
14 14 14 14 14 14 14 14 07 07 13 13 13 07 14 14 14 14 14 14 14 14 14 14 14 14 14 00 00 00 00 00 00 00 00 00 00 00 00 00 00 00 12 12 12 12 12 12 09 03 03 03 09 12 12 12 12 12 12 00 00 00 00 00 00 00 00 00 00 00 00 00 02 02 02 02 02 02 02 02 02 02 02 02 02 08 08 08 01 08 02 02 02 02 02 02 02 02 02 02 
14 14 14 14 14 14 14 07 07 13 13 13 07 14 14 14 14 14 14 14 14 14 14 14 14 14 14 00 00 00 00 00 00 00 00 00 00 00 00 00 00 12 12 12 12 12 12 09 09 03 03 03 09 09 12 12 12 12 12 12 12 00 00 00 00 00 00 00 00 00 00 00 02 02 02 02 02 02 02 02 02 02 08 08 08 08 01 01 01 08 02 02 02 02 02 02 02 02 02 02 
14 14 14 14 14 14 07 07 07 07 13 07 07 14 14 14 14 14 14 14 14 14 14 14 14 14 14 14 00 00 00 00 00 00 00 00 00 00 00 00 12 12 12 12 12 12 09 09 03 03 03 03 03 09 09 12 12 12 12 00 12 12 00 00 00 00 00 00 00 00 00 00 02 02 02 02 02 02 02 02 02 02 01 08 01 01 01 08 01 08 08 02 02 02 02 02 02 02 02 02 
14 14 14 14 14 07 13 13 13 07 13 07 07 14 14 14 14 14 14 14 14 14 14 14 14 14 14 14 14 00 00 00 00 00 00 00 00 00 12 12 12 12 12 12 12 09 09 03 03 03 03 03 03 03 09 09 12 12 12 12 12 00 00 00 00 00 00 00 00 00 00 00 02 02 02 02 02 02 02 02 02 08 01 01 01 01 08 08 01 08 08 08 02 02 02 02 02 02 02 02 
14 14 14 14 07 07 13 07 13 13 13 07 07 14 14 14 14 14 14 14 14 14 14 14 14 14 14 14 14 14 00 00 00 00 00 00 00 00 00 00 12 12 12 12 09 09 03 03 03 03 03 03 03 03 03 09 09 12 12 12 12 00 00 00 00 00 00 00 00 00 00 02 02 02 02 02 02 02 02 08 08 08 08 01 01 01 08 08 01 01 08 08 02 02 02 02 02 02 02 02 
14 14 14 14 07 07 13 13 13 07 13 13 07 07 13 07 07 07 13 07 14 14 14 14 14 14 14 14 14 14 00 00 00 00 00 00 00 00 00 00 00 12 12 12 09 03 03 03 03 03 03 03 03 03 03 03 09 12 12 00 00 12 00 00 00 00 00 00 00 00 00 02 02 02 02 02 02 02 08 08 08 08 08 08 08 01 01 01 08 01 08 08 08 02 02 02 02 02 02 02 
14 14 14 14 07 07 07 13 13 07 07 13 07 13 13 13 13 13 13 13 13 14 14 14 14 14 14 14 14 14 00 00 00 00 00 00 00 00 00 12 12 12 12 12 09 03 03 03 03 03 03 03 03 03 03 03 09 12 12 12 00 00 00 00 00 00 00 00 00 00 00 02 02 02 02 02 02 02 08 02 02 08 08 08 08 01 08 01 08 01 08 08 08 02 02 02 02 02 02 02 
14 14 14 14 14 07 07 07 07 07 07 13 13 13 07 07 07 13 13 07 14 14 14 14 14 14 14 14 14 14 00 00 00 00 00 00 00 00 00 00 00 12 12 12 09 03 03 03 03 03 03 03 03 03 03 03 09 12 12 12 00 12 12 00 00 00 00 00 00 00 00 02 02 02 02 02 02 02 08 08 08 08 01 01 01 01 08 01 08 01 01 01 01 01 08 08 02 02 02 02 
14 14 14 14 14 14 14 14 07 07 07 13 13 13 13 13 13 13 13 07 14 14 14 14 14 14 14 14 14 14 00 00 00 00 00 00 00 00 00 00 12 12 12 12 09 09 03 03 03 03 03 03 03 03 03 09 09 12 12 12 00 00 00 00 00 00 00 00 00 00 00 02 02 02 02 02 02 02 02 02 08 01 01 01 01 01 08 01 01 08 08 01 01 01 08 02 02 02 02 02 
14 14 14 14 14 14 14 14 14 14 07 07 07 07 13 13 07 07 14 14 14 14 14 14 14 14 14 14 14 14 14 00 00 00 00 00 00 00 00 12 12 12 12 12 12 09 09 03 03 03 03 03 03 03 09 09 12 12 12 12 00 00 12 00 00 00 00 00 00 02 02 02 02 02 02 02 02 02 02 08 08 08 08 01 01 01 08 08 01 01 01 01 08 08 02 02 02 02 02 02 
14 14 14 14 14 14 14 14 14 14 14 14 14 14 07 07 14 14 14 14 14 14 14 14 14 14 14 14 14 14 14 00 00 00 00 00 00 00 00 12 12 12 12 12 12 12 09 09 03 03 03 03 03 09 09 12 12 00 12 12 12 00 00 12 00 00 00 00 02 02 02 02 02 02 02 02 02 02 02 02 02 02 08 08 08 08 08 02 08 08 08 08 08 02 02 02 02 02 02 02 
14 14 14 14 14 14 14 14 14 14 14 14 14 14 14 14 14 14 14 14 14 14 14 14 14 14 14 14 14 14 14 14 00 00 00 00 00 00 00 00 00 00 12 12 12 12 12 09 09 03 03 03 09 09 12 12 12 12 12 12 12 12 12 12 00 00 00 00 00 02 02 02 02 02 02 02 02 02 02 02 02 02 08 08 08 08 02 02 02 08 08 02 02 02 02 02 02 02 02 02 
14 14 14 14 14 14 14 14 14 14 14 14 14 14 14 14 14 14 14 14 14 14 14 14 14 14 14 14 14 14 14 14 00 00 00 00 00 00 00 00 00 00 00 12 12 12 12 12 09 09 09 09 09 12 12 12 00 12 12 00 00 00 12 12 00 00 00 00 00 02 02 02 02 02 02 02 02 02 02 02 02 02 02 02 02 02 02 02 02 02 02 02 02 02 02 02 02 02 02 02 
14 14 14 14 14 14 14 14 14 14 14 14 14 14 14 14 14 14 14 14 14 14 14 14 14 14 14 14 14 14 14 14 00 00 00 00 00 00 00 00 00 00 00 00 00 00 12 12 12 12 12 12 12 12 12 12 12 12 12 00 00 00 00 00 00 00 00 00 00 02 02 02 02 02 02 02 02 02 02 02 02 02 02 02 02 02 02 02 02 02 02 02 02 02 02 02 02 02 02 02 
14 14 14 14 14 14 14 14 14 14 14 14 14 14 14 14 14 14 14 14 14 14 14 14 14 14 14 14 14 14 14 14 00 00 00 00 00 00 00 00 00 00 00 00 00 00 12 12 12 12 12 12 12 00 00 12 12 12 00 00 00 00 00 00 00 00 00 00 02 02 02 02 02 02 02 02 02 02 02 02 02 02 02 02 02 02 02 02 02 02 02 02 02 02 02 02 02 02 02 02 
